"YSTANDDEV": 0.13845997797022933 
"XSTANDDEV": 0.13224638361120725 
"ZABSOLDEV": 0.11643063262907444 
"YABSOLDEV": 0.07937053861215733 
"ZSTANDDEV": 0.06546866327036473 
